100
11 193 1 10 10 7 7
8 181 5 1 6 3 1
15 100 10 2 9 5 2
11 34 9 6 5 10 1
6 159 6 1 6 9 7
18 97 6 10 10 6 4
18 100 3 4 9 6 3
17 81 5 1 5 9 9
19 25 2 5 8 4 5
20 21 1 7 4 8 5
13 102 6 2 2 7 8
8 31 10 9 5 9 1
10 162 7 2 3 3 2
8 151 6 8 3 5 5
14 40 2 4 9 6 8
3 103 4 4 2 2 10
19 21 8 3 8 9 4
12 80 8 5 6 5 4
3 113 9 5 3 10 2
12 132 7 7 9 5 3
15 137 4 8 7 9 6
12 143 7 2 8 3 8
20 72 9 5 9 6 3
1 119 7 2 8 6 8
19 16 6 8 10 10 6
12 126 9 9 4 5 2
8 17 7 10 9 5 5
15 72 3 8 6 3 4
9 56 8 9 5 3 4
3 99 1 1 1 3 9
11 84 1 7 1 4 2
11 119 10 2 1 2 2
20 162 6 2 3 1 6
17 135 1 6 6 8 1
8 101 7 4 1 8 1
18 57 1 1 5 4 3
10 100 7 1 3 6 6
17 68 10 6 2 2 2
14 95 3 8 1 5 3
17 175 2 1 3 4 6
7 128 3 10 10 10 7
11 166 1 1 9 2 2
17 11 10 3 8 3 8
20 161 5 3 3 5 7
4 185 6 10 3 7 3
8 182 3 7 4 8 5
9 82 5 2 5 2 10
16 186 10 6 4 1 5
17 125 3 2 10 9 4
16 70 6 1 1 10 2
18 115 9 10 8 10 4
6 138 3 2 7 2 3
18 104 2 8 4 1 10
17 172 5 4 9 4 6
20 149 3 3 4 4 5
3 26 1 2 9 5 8
14 68 8 5 5 3 6
17 138 3 2 6 8 8
2 111 1 1 5 8 4
19 149 8 6 7 5 2
20 1 7 3 5 9 2
17 177 4 8 1 5 4
17 101 3 2 8 1 9
3 124 10 3 1 6 1
7 5 5 9 2 8 4
11 16 7 3 7 2 5
14 11 3 10 2 2 3
20 167 8 6 5 6 5
5 185 2 3 8 8 5
7 99 6 7 7 10 4
14 2 8 6 1 8 6
17 4 6 7 7 7 8
6 126 4 9 8 1 9
1 170 5 3 4 5 6
15 155 3 6 8 5 8
15 72 1 10 10 9 10
1 196 3 3 2 1 10
1 28 3 6 5 10 4
14 39 2 9 3 5 5
7 29 7 8 3 6 7
4 15 6 3 5 8 8
8 9 8 3 3 6 4
1 195 6 8 3 1 2
2 170 4 10 3 8 5
18 151 6 8 10 10 6
13 79 8 7 10 10 4
7 115 10 6 8 3 9
15 75 4 10 1 8 6
17 31 3 4 9 6 10
3 180 9 10 6 3 3
14 47 2 6 8 6 9
9 19 5 9 4 8 3
1 69 2 4 2 7 10
1 39 4 2 7 2 3
4 2 3 9 1 2 9
10 177 8 7 5 10 5
16 130 8 3 3 7 7
13 111 7 5 10 9 5
2 103 2 4 1 7 3
3 61 4 6 5 9 5